
unit2:
    Project: "69kV/615MVA generation unit connected to bus 2"
    Generator:
        model: "GenEPS"
        SnMVA: 250  # NO
        Vn: 69000
        fn: 60
        KIS: 0.0
        S10: 0.0001
        S12: 0.0002
        r1d: 0.0171
        r1q: 0.011
        ra: 0.0024
        rfd: 0.00037
        x1d: 0.2981
        x1q: 0.1165
        xd: 1.186
        xf1d: 0.0011
        xfd: 0.2181
        xl: 0.1165
        xq: 0.699
    Inertia:
        H: 4.148
        D: 3.0
    AVR:
        model: "AVR2"
        Ta: 0.02
        Kf: 0.002
        Tf: 1
        Ke: 1
        Te: 0.2
        Tr: 0.005
        vrmax: 7.32
        vrmin: 0.0
        Ka: 200.0
    Governor:
        model: "TConstant"
        Ka: 20



unit3:
    Project: "69kV/615MVA generation unit connected to bus 2"
    Generator:
        model: "GenEPS"
        SnMVA: 150 # no
        Vn: 69000
        fn: 60
        KIS: 0.0
        S10: 0.0001
        S12: 0.0002
        r1d: 0.0171
        r1q: 0.011
        ra: 0.0024
        rfd: 0.00037
        x1d: 0.2981
        x1q: 0.1165
        xd: 1.186
        xf1d: 0.0011
        xfd: 0.2181
        xl: 0.1165
        xq: 0.699
    Inertia:
        H: 3.5
        D: 3.0
    AVR:
        model: "AVR2"
        Ta: 0.02
        Kf: 0.002
        Tf: 1
        Ke: 1
        Te: 0.2
        Tr: 0.005
        vrmax: 7.32
        vrmin: 0.0
        Ka: 200.0
    Governor:
        model: "TConstant"
        Ka: 20
